# Time	O2	HbO2	HbO22	HbCO	HbO23	Hb	HbO24	CO	Values[Total_Hb]	Values[Sat_O2]	Values[O2_content]	
0	100	0	0	0	0	1	0	0	1	0	0	
1	96.0408	1.39556e-08	2.68061e-06	0	0.00102979	1.4531e-10	0.989018	0	0.990051	0.999739	3.95917	
2	96.0802	1.37997e-08	2.65176e-06	0	0.00101913	1.43628e-10	0.979178	0	0.980199	0.999739	3.91977	
3	96.1192	1.36458e-08	2.62324e-06	0	0.00100858	1.41968e-10	0.969435	0	0.970446	0.999739	3.88077	
4	96.1578	1.34938e-08	2.59506e-06	0	0.000998139	1.4033e-10	0.959789	0	0.960789	0.999739	3.84215	
5	96.1961	1.33436e-08	2.56719e-06	0	0.000987815	1.38713e-10	0.950239	0	0.951229	0.999739	3.80392	
6	96.2339	1.31952e-08	2.53965e-06	0	0.000977602	1.37117e-10	0.940784	0	0.941764	0.999739	3.76607	
7	96.2714	1.30487e-08	2.51243e-06	0	0.000967498	1.35541e-10	0.931424	0	0.932394	0.999739	3.7286	
8	96.3085	1.29039e-08	2.48551e-06	0	0.000957503	1.33986e-10	0.922156	0	0.923116	0.999739	3.6915	
9	96.3452	1.27609e-08	2.45891e-06	0	0.000947615	1.32451e-10	0.912981	0	0.913931	0.999739	3.65477	
10	96.3816	1.26197e-08	2.43261e-06	0	0.000937832	1.30935e-10	0.903897	0	0.904838	0.99974	3.61841	
11	96.4176	1.24801e-08	2.4066e-06	0	0.000928154	1.29439e-10	0.894904	0	0.895834	0.99974	3.5824	
12	96.4532	1.23423e-08	2.3809e-06	0	0.00091858	1.27961e-10	0.886	0	0.886921	0.99974	3.54676	
13	96.4885	1.2206e-08	2.35548e-06	0	0.000909108	1.26503e-10	0.877184	0	0.878096	0.99974	3.51147	
14	96.5235	1.20715e-08	2.33036e-06	0	0.000899736	1.25063e-10	0.868456	0	0.869359	0.99974	3.47653	
15	96.5581	1.19385e-08	2.30552e-06	0	0.000890465	1.23641e-10	0.859816	0	0.860708	0.99974	3.44194	
16	96.5923	1.18072e-08	2.28096e-06	0	0.000881293	1.22238e-10	0.851261	0	0.852144	0.99974	3.40769	
17	96.6262	1.16774e-08	2.25668e-06	0	0.000872218	1.20852e-10	0.842791	0	0.843665	0.99974	3.37378	
18	96.6598	1.15492e-08	2.23268e-06	0	0.00086324	1.19483e-10	0.834405	0	0.835271	0.99974	3.34021	
19	96.693	1.14225e-08	2.20894e-06	0	0.000854357	1.18132e-10	0.826103	0	0.82696	0.99974	3.30698	
20	96.7259	1.12973e-08	2.18548e-06	0	0.000845568	1.16797e-10	0.817883	0	0.818731	0.99974	3.27407	
21	96.7585	1.11736e-08	2.16228e-06	0	0.000836873	1.1548e-10	0.809746	0	0.810585	0.999741	3.2415	
22	96.7908	1.10514e-08	2.13933e-06	0	0.00082827	1.14178e-10	0.801689	0	0.802519	0.999741	3.20924	
23	96.8227	1.09306e-08	2.11665e-06	0	0.000819759	1.12893e-10	0.793712	0	0.794534	0.999741	3.17731	
24	96.8543	1.08112e-08	2.09422e-06	0	0.000811338	1.11624e-10	0.785815	0	0.786629	0.999741	3.1457	
25	96.8856	1.06933e-08	2.07205e-06	0	0.000803005	1.10371e-10	0.777996	0	0.778802	0.999741	3.1144	
26	96.9166	1.05767e-08	2.05012e-06	0	0.000794762	1.09133e-10	0.770256	0	0.771052	0.999741	3.08341	
27	96.9473	1.04616e-08	2.02844e-06	0	0.000786605	1.0791e-10	0.762592	0	0.76338	0.999741	3.05273	
28	96.9776	1.03477e-08	2.007e-06	0	0.000778535	1.06703e-10	0.755004	0	0.755785	0.999741	3.02236	
29	97.0077	1.02353e-08	1.9858e-06	0	0.000770549	1.0551e-10	0.747492	0	0.748265	0.999741	2.99228	
30	97.0375	1.01241e-08	1.96483e-06	0	0.000762649	1.04332e-10	0.740055	0	0.740819	0.999741	2.96251	
31	97.067	1.00142e-08	1.9441e-06	0	0.000754831	1.03169e-10	0.732691	0	0.733448	0.999741	2.93303	
32	97.0961	9.90566e-09	1.9236e-06	0	0.000747096	1.02019e-10	0.725401	0	0.72615	0.999741	2.90385	
33	97.125	9.79835e-09	1.90333e-06	0	0.000739443	1.00884e-10	0.718184	0	0.718925	0.999742	2.87496	
34	97.1536	9.6923e-09	1.88328e-06	0	0.00073187	9.97629e-11	0.711038	0	0.711772	0.999742	2.84635	
35	97.182	9.58747e-09	1.86346e-06	0	0.000724377	9.86551e-11	0.703963	0	0.70469	0.999742	2.81803	
36	97.21	9.48387e-09	1.84385e-06	0	0.000716962	9.75609e-11	0.696959	0	0.697678	0.999742	2.78999	
37	97.2378	9.38146e-09	1.82446e-06	0	0.000709626	9.64799e-11	0.690024	0	0.690736	0.999742	2.76223	
38	97.2653	9.28025e-09	1.80529e-06	0	0.000702367	9.5412e-11	0.683159	0	0.683863	0.999742	2.73475	
39	97.2925	9.18021e-09	1.78633e-06	0	0.000695184	9.43571e-11	0.676361	0	0.677058	0.999742	2.70754	
40	97.3194	9.08132e-09	1.76757e-06	0	0.000688077	9.33148e-11	0.669632	0	0.670322	0.999742	2.68059	
41	97.3461	8.98357e-09	1.74903e-06	0	0.000681044	9.22851e-11	0.662969	0	0.663652	0.999742	2.65392	
42	97.3725	8.88695e-09	1.73069e-06	0	0.000674084	9.12678e-11	0.656372	0	0.657048	0.999742	2.62752	
43	97.3986	8.79144e-09	1.71255e-06	0	0.000667198	9.02627e-11	0.649842	0	0.65051	0.999742	2.60137	
44	97.4245	8.69703e-09	1.69461e-06	0	0.000660384	8.92696e-11	0.643376	0	0.644038	0.999742	2.57549	
45	97.4501	8.6037e-09	1.67686e-06	0	0.000653641	8.82884e-11	0.636974	0	0.637629	0.999742	2.54986	
46	97.4755	8.51144e-09	1.65931e-06	0	0.000646969	8.7319e-11	0.630636	0	0.631285	0.999742	2.52449	
47	97.5006	8.42024e-09	1.64196e-06	0	0.000640367	8.63611e-11	0.624361	0	0.625003	0.999743	2.49937	
48	97.5255	8.33009e-09	1.62479e-06	0	0.000633833	8.54147e-11	0.618149	0	0.618785	0.999743	2.4745	
49	97.5501	8.24096e-09	1.60781e-06	0	0.000627368	8.44795e-11	0.611998	0	0.612627	0.999743	2.44988	
50	97.5745	8.15285e-09	1.59102e-06	0	0.000620971	8.35554e-11	0.605909	0	0.606532	0.999743	2.4255	
51	97.5986	8.06574e-09	1.57441e-06	0	0.00061464	8.26422e-11	0.59988	0	0.600497	0.999743	2.40137	
52	97.6225	7.97962e-09	1.55798e-06	0	0.000608376	8.17398e-11	0.593912	0	0.594522	0.999743	2.37747	
53	97.6462	7.89449e-09	1.54173e-06	0	0.000602176	8.0848e-11	0.588002	0	0.588606	0.999743	2.35382	
54	97.6696	7.81031e-09	1.52566e-06	0	0.000596042	7.99669e-11	0.582152	0	0.582749	0.999743	2.3304	
55	97.6928	7.7271e-09	1.50976e-06	0	0.000589971	7.90961e-11	0.576359	0	0.576951	0.999743	2.30721	
56	97.7157	7.64483e-09	1.49404e-06	0	0.000583964	7.82356e-11	0.570625	0	0.57121	0.999743	2.28425	
57	97.7385	7.56349e-09	1.47849e-06	0	0.000578019	7.73852e-11	0.564947	0	0.565526	0.999743	2.26152	
58	97.761	7.48306e-09	1.4631e-06	0	0.000572136	7.65447e-11	0.559326	0	0.559899	0.999743	2.23902	
59	97.7833	7.40354e-09	1.44788e-06	0	0.000566314	7.5714e-11	0.55376	0	0.554328	0.999743	2.21674	
60	97.8053	7.32491e-09	1.43283e-06	0	0.000560553	7.4893e-11	0.548251	0	0.548813	0.999743	2.19469	
61	97.8272	7.24717e-09	1.41794e-06	0	0.000554852	7.40815e-11	0.542796	0	0.543352	0.999743	2.17285	
62	97.8488	7.1703e-09	1.40321e-06	0	0.000549209	7.32795e-11	0.537395	0	0.537945	0.999743	2.15123	
63	97.8702	7.0943e-09	1.38864e-06	0	0.000543626	7.24869e-11	0.532048	0	0.532593	0.999744	2.12982	
64	97.8914	7.01915e-09	1.37423e-06	0	0.0005381	7.17036e-11	0.526754	0	0.527293	0.999744	2.10863	
65	97.9123	6.94485e-09	1.35997e-06	0	0.000532632	7.09294e-11	0.521513	0	0.522047	0.999744	2.08765	
66	97.9331	6.87138e-09	1.34587e-06	0	0.000527221	7.01641e-11	0.516324	0	0.516852	0.999744	2.06688	
67	97.9537	6.79873e-09	1.33192e-06	0	0.000521865	6.94078e-11	0.511186	0	0.511709	0.999744	2.04631	
68	97.974	6.72689e-09	1.31812e-06	0	0.000516566	6.86602e-11	0.5061	0	0.506618	0.999744	2.02595	
69	97.9942	6.65586e-09	1.30447e-06	0	0.000511321	6.79211e-11	0.501064	0	0.501577	0.999744	2.00579	
70	98.0142	6.5856e-09	1.29096e-06	0	0.00050613	6.71905e-11	0.496079	0	0.496586	0.999744	1.98584	
71	98.0339	6.51613e-09	1.2776e-06	0	0.000500993	6.64683e-11	0.491143	0	0.491645	0.999744	1.96608	
72	98.0535	6.44743e-09	1.26438e-06	0	0.000495909	6.57543e-11	0.486256	0	0.486753	0.999744	1.94651	
73	98.0729	6.37949e-09	1.25131e-06	0	0.000490878	6.50486e-11	0.481418	0	0.48191	0.999744	1.92715	
74	98.092	6.31231e-09	1.23837e-06	0	0.000485898	6.43509e-11	0.476628	0	0.477115	0.999744	1.90797	
75	98.111	6.24587e-09	1.22558e-06	0	0.00048097	6.36613e-11	0.471885	0	0.472367	0.999744	1.88899	
76	98.1298	6.18017e-09	1.21292e-06	0	0.000476094	6.29796e-11	0.46719	0	0.467667	0.999744	1.87019	
77	98.1484	6.1152e-09	1.20039e-06	0	0.000471267	6.23057e-11	0.462541	0	0.463014	0.999744	1.85158	
78	98.1668	6.05096e-09	1.18801e-06	0	0.000466491	6.16397e-11	0.457939	0	0.458407	0.999744	1.83316	
79	98.1851	5.98741e-09	1.17575e-06	0	0.000461763	6.0981e-11	0.453383	0	0.453846	0.999744	1.81492	
80	98.2031	5.92457e-09	1.16362e-06	0	0.000457085	6.03298e-11	0.448871	0	0.44933	0.999744	1.79686	
81	98.221	5.86241e-09	1.15162e-06	0	0.000452454	5.96861e-11	0.444405	0	0.444859	0.999744	1.77898	
82	98.2387	5.80095e-09	1.13975e-06	0	0.000447872	5.90496e-11	0.439983	0	0.440432	0.999744	1.76128	
83	98.2562	5.74015e-09	1.12801e-06	0	0.000443336	5.84204e-11	0.435606	0	0.43605	0.999745	1.74375	
84	98.2736	5.68003e-09	1.11639e-06	0	0.000438848	5.77982e-11	0.431271	0	0.431711	0.999745	1.7264	
85	98.2908	5.62057e-09	1.1049e-06	0	0.000434405	5.71831e-11	0.42698	0	0.427416	0.999745	1.70923	
86	98.3078	5.56175e-09	1.09353e-06	0	0.000430008	5.6575e-11	0.422732	0	0.423163	0.999745	1.69222	
87	98.3246	5.50359e-09	1.08228e-06	0	0.000425657	5.59737e-11	0.418526	0	0.418952	0.999745	1.67538	
88	98.3413	5.44606e-09	1.07114e-06	0	0.00042135	5.53792e-11	0.414361	0	0.414784	0.999745	1.65871	
89	98.3578	5.38915e-09	1.06013e-06	0	0.000417088	5.47914e-11	0.410238	0	0.410656	0.999745	1.64221	
90	98.3741	5.33287e-09	1.04923e-06	0	0.000412869	5.42102e-11	0.406156	0	0.40657	0.999745	1.62587	
91	98.3903	5.27721e-09	1.03845e-06	0	0.000408694	5.36355e-11	0.402115	0	0.402525	0.999745	1.60969	
92	98.4063	5.22215e-09	1.02778e-06	0	0.000404562	5.30673e-11	0.398114	0	0.39852	0.999745	1.59367	
93	98.4222	5.16769e-09	1.01723e-06	0	0.000400472	5.25054e-11	0.394153	0	0.394554	0.999745	1.57782	
94	98.4379	5.11382e-09	1.00679e-06	0	0.000396424	5.19498e-11	0.390231	0	0.390629	0.999745	1.56212	
95	98.4534	5.06054e-09	9.96455e-07	0	0.000392417	5.14004e-11	0.386348	0	0.386742	0.999745	1.54657	
96	98.4688	5.00784e-09	9.86232e-07	0	0.000388452	5.08572e-11	0.382504	0	0.382894	0.999745	1.53118	
97	98.4841	4.95571e-09	9.76117e-07	0	0.000384527	5.032e-11	0.378698	0	0.379084	0.999745	1.51595	
98	98.4991	4.90415e-09	9.66108e-07	0	0.000380643	4.97888e-11	0.37493	0	0.375312	0.999745	1.50086	
99	98.5141	4.85314e-09	9.56205e-07	0	0.000376799	4.92635e-11	0.3712	0	0.371577	0.999745	1.48593	
100	98.5289	4.80269e-09	9.46407e-07	0	0.000372993	4.87441e-11	0.367506	0	0.36788	0.999745	1.47115	
