# Time	O2	HbO2	HbO22	HbCO	HbO23	Hb	HbO24	CO	Values[Total_Hb]	Values[Sat_O2]	Values[O2_content]	
0	100	0	0	0	0	1	0	0	1	0	0	
1	96.021	1.40342e-08	2.69515e-06	0	0.00103516	1.46158e-10	0.993975	0	0.995013	0.999739	3.97901	
2	96.0408	1.39556e-08	2.6806e-06	0	0.00102979	1.45309e-10	0.989017	0	0.99005	0.999739	3.95916	
3	96.0606	1.38774e-08	2.66614e-06	0	0.00102444	1.44465e-10	0.984085	0	0.985112	0.999739	3.93942	
4	96.0802	1.37997e-08	2.65175e-06	0	0.00101912	1.43627e-10	0.979177	0	0.980199	0.999739	3.91977	
5	96.0998	1.37225e-08	2.63746e-06	0	0.00101384	1.42795e-10	0.974293	0	0.97531	0.999739	3.90022	
6	96.1192	1.36458e-08	2.62324e-06	0	0.00100857	1.41967e-10	0.969434	0	0.970445	0.999739	3.88077	
7	96.1386	1.35695e-08	2.6091e-06	0	0.00100334	1.41146e-10	0.964599	0	0.965605	0.999739	3.86141	
8	96.1578	1.34937e-08	2.59505e-06	0	0.000998138	1.40329e-10	0.959788	0	0.960789	0.999739	3.84215	
9	96.177	1.34184e-08	2.58108e-06	0	0.000992962	1.39518e-10	0.955001	0	0.955997	0.999739	3.82299	
10	96.1961	1.33435e-08	2.56719e-06	0	0.000987814	1.38712e-10	0.950238	0	0.951229	0.999739	3.80392	
11	96.2151	1.32691e-08	2.55338e-06	0	0.000982694	1.37912e-10	0.945499	0	0.946484	0.999739	3.78495	
12	96.2339	1.31952e-08	2.53965e-06	0	0.000977601	1.37116e-10	0.940784	0	0.941764	0.999739	3.76607	
13	96.2527	1.31217e-08	2.526e-06	0	0.000972536	1.36326e-10	0.936092	0	0.937067	0.999739	3.74729	
14	96.2714	1.30487e-08	2.51242e-06	0	0.000967497	1.35541e-10	0.931423	0	0.932393	0.999739	3.7286	
15	96.29	1.29761e-08	2.49893e-06	0	0.000962486	1.34761e-10	0.926778	0	0.927743	0.999739	3.71	
16	96.3085	1.29039e-08	2.48551e-06	0	0.000957502	1.33985e-10	0.922156	0	0.923116	0.999739	3.6915	
17	96.3269	1.28322e-08	2.47217e-06	0	0.000952545	1.33215e-10	0.917557	0	0.918512	0.999739	3.67309	
18	96.3452	1.27609e-08	2.4589e-06	0	0.000947614	1.3245e-10	0.912981	0	0.913931	0.999739	3.65477	
19	96.3635	1.26901e-08	2.44571e-06	0	0.000942709	1.3169e-10	0.908427	0	0.909372	0.999739	3.63654	
20	96.3816	1.26196e-08	2.4326e-06	0	0.000937831	1.30934e-10	0.903897	0	0.904837	0.99974	3.6184	
21	96.3996	1.25497e-08	2.41956e-06	0	0.000932979	1.30184e-10	0.899389	0	0.900324	0.99974	3.60036	
22	96.4176	1.24801e-08	2.4066e-06	0	0.000928153	1.29438e-10	0.894903	0	0.895834	0.99974	3.5824	
23	96.4355	1.2411e-08	2.39371e-06	0	0.000923353	1.28697e-10	0.89044	0	0.891366	0.99974	3.56453	
24	96.4532	1.23422e-08	2.38089e-06	0	0.000918579	1.27961e-10	0.885999	0	0.88692	0.99974	3.54676	
25	96.4709	1.22739e-08	2.36815e-06	0	0.00091383	1.27229e-10	0.88158	0	0.882496	0.99974	3.52907	
26	96.4885	1.2206e-08	2.35548e-06	0	0.000909107	1.26503e-10	0.877184	0	0.878095	0.99974	3.51147	
27	96.506	1.21385e-08	2.34288e-06	0	0.000904409	1.2578e-10	0.872809	0	0.873716	0.99974	3.49395	
28	96.5235	1.20715e-08	2.33036e-06	0	0.000899736	1.25063e-10	0.868456	0	0.869358	0.99974	3.47653	
29	96.5408	1.20048e-08	2.3179e-06	0	0.000895087	1.2435e-10	0.864125	0	0.865022	0.99974	3.45919	
30	96.5581	1.19385e-08	2.30552e-06	0	0.000890464	1.23641e-10	0.859815	0	0.860708	0.99974	3.44194	
31	96.5752	1.18726e-08	2.2932e-06	0	0.000885866	1.22937e-10	0.855527	0	0.856415	0.99974	3.42477	
32	96.5923	1.18072e-08	2.28096e-06	0	0.000881292	1.22237e-10	0.85126	0	0.852143	0.99974	3.40769	
33	96.6093	1.17421e-08	2.26878e-06	0	0.000876742	1.21542e-10	0.847014	0	0.847893	0.99974	3.39069	
34	96.6262	1.16774e-08	2.25668e-06	0	0.000872217	1.20851e-10	0.84279	0	0.843665	0.99974	3.37378	
35	96.643	1.16131e-08	2.24464e-06	0	0.000867716	1.20165e-10	0.838587	0	0.839457	0.99974	3.35695	
36	96.6598	1.15491e-08	2.23267e-06	0	0.000863239	1.19483e-10	0.834404	0	0.83527	0.99974	3.34021	
37	96.6764	1.14856e-08	2.22077e-06	0	0.000858785	1.18805e-10	0.830243	0	0.831104	0.99974	3.32355	
38	96.693	1.14224e-08	2.20894e-06	0	0.000854356	1.18131e-10	0.826102	0	0.826959	0.99974	3.30698	
39	96.7095	1.13597e-08	2.19717e-06	0	0.00084995	1.17462e-10	0.821982	0	0.822834	0.99974	3.29048	
40	96.7259	1.12973e-08	2.18547e-06	0	0.000845567	1.16797e-10	0.817883	0	0.818731	0.99974	3.27407	
41	96.7423	1.12352e-08	2.17384e-06	0	0.000841208	1.16136e-10	0.813804	0	0.814647	0.999741	3.25774	
42	96.7585	1.11736e-08	2.16227e-06	0	0.000836872	1.15479e-10	0.809745	0	0.810584	0.999741	3.2415	
43	96.7747	1.11123e-08	2.15077e-06	0	0.00083256	1.14826e-10	0.805707	0	0.806541	0.999741	3.22533	
44	96.7908	1.10513e-08	2.13933e-06	0	0.00082827	1.14178e-10	0.801688	0	0.802519	0.999741	3.20924	
45	96.8068	1.09908e-08	2.12796e-06	0	0.000824003	1.13533e-10	0.79769	0	0.798516	0.999741	3.19324	
46	96.8227	1.09305e-08	2.11665e-06	0	0.000819758	1.12893e-10	0.793712	0	0.794534	0.999741	3.17731	
47	96.8385	1.08707e-08	2.1054e-06	0	0.000815536	1.12256e-10	0.789753	0	0.790571	0.999741	3.16146	
48	96.8543	1.08112e-08	2.09422e-06	0	0.000811337	1.11624e-10	0.785814	0	0.786628	0.999741	3.1457	
49	96.87	1.07521e-08	2.0831e-06	0	0.00080716	1.10995e-10	0.781895	0	0.782705	0.999741	3.13001	
50	96.8856	1.06933e-08	2.07204e-06	0	0.000803005	1.1037e-10	0.777996	0	0.778801	0.999741	3.1144	
51	96.9011	1.06348e-08	2.06105e-06	0	0.000798872	1.09749e-10	0.774116	0	0.774916	0.999741	3.09886	
52	96.9166	1.05767e-08	2.05012e-06	0	0.000794761	1.09132e-10	0.770255	0	0.771052	0.999741	3.08341	
53	96.932	1.05189e-08	2.03924e-06	0	0.000790671	1.08519e-10	0.766413	0	0.767206	0.999741	3.06803	
54	96.9473	1.04615e-08	2.02843e-06	0	0.000786604	1.0791e-10	0.762591	0	0.763379	0.999741	3.05273	
55	96.9625	1.04045e-08	2.01768e-06	0	0.000782558	1.07304e-10	0.758787	0	0.759572	0.999741	3.0375	
56	96.9776	1.03477e-08	2.00699e-06	0	0.000778533	1.06702e-10	0.755003	0	0.755784	0.999741	3.02235	
57	96.9927	1.02913e-08	1.99636e-06	0	0.00077453	1.06104e-10	0.751238	0	0.752014	0.999741	3.00728	
58	97.0077	1.02352e-08	1.98579e-06	0	0.000770548	1.0551e-10	0.747491	0	0.748263	0.999741	2.99228	
59	97.0226	1.01795e-08	1.97528e-06	0	0.000766587	1.04919e-10	0.743763	0	0.744531	0.999741	2.97736	
60	97.0375	1.01241e-08	1.96483e-06	0	0.000762647	1.04332e-10	0.740053	0	0.740818	0.999741	2.96251	
61	97.0523	1.0069e-08	1.95443e-06	0	0.000758728	1.03748e-10	0.736363	0	0.737123	0.999741	2.94773	
62	97.067	1.00142e-08	1.9441e-06	0	0.000754829	1.03168e-10	0.73269	0	0.733447	0.999741	2.93303	
63	97.0816	9.95975e-09	1.93382e-06	0	0.000750952	1.02592e-10	0.729036	0	0.729789	0.999741	2.9184	
64	97.0962	9.90563e-09	1.92359e-06	0	0.000747094	1.02019e-10	0.7254	0	0.726149	0.999741	2.90384	
65	97.1106	9.85181e-09	1.91343e-06	0	0.000743257	1.0145e-10	0.721782	0	0.722527	0.999741	2.88936	
66	97.125	9.79832e-09	1.90332e-06	0	0.000739441	1.00884e-10	0.718182	0	0.718924	0.999742	2.87495	
67	97.1394	9.74513e-09	1.89327e-06	0	0.000735644	1.00321e-10	0.7146	0	0.715338	0.999742	2.86061	
68	97.1537	9.69226e-09	1.88327e-06	0	0.000731868	9.97623e-11	0.711036	0	0.71177	0.999742	2.84634	
69	97.1679	9.63969e-09	1.87333e-06	0	0.000728111	9.92067e-11	0.70749	0	0.70822	0.999742	2.83215	
70	97.182	9.58743e-09	1.86345e-06	0	0.000724375	9.86546e-11	0.703962	0	0.704688	0.999742	2.81802	
71	97.196	9.53548e-09	1.85362e-06	0	0.000720658	9.81058e-11	0.700451	0	0.701173	0.999742	2.80397	
72	97.21	9.48383e-09	1.84384e-06	0	0.00071696	9.75603e-11	0.696957	0	0.697676	0.999742	2.78998	
73	97.2239	9.43248e-09	1.83412e-06	0	0.000713283	9.70182e-11	0.693481	0	0.694196	0.999742	2.77607	
74	97.2378	9.38142e-09	1.82446e-06	0	0.000709624	9.64793e-11	0.690023	0	0.690734	0.999742	2.76222	
75	97.2516	9.33067e-09	1.81484e-06	0	0.000705985	9.59438e-11	0.686581	0	0.687289	0.999742	2.74845	
76	97.2653	9.28021e-09	1.80528e-06	0	0.000702365	9.54115e-11	0.683157	0	0.683861	0.999742	2.73474	
77	97.2789	9.23004e-09	1.79578e-06	0	0.000698764	9.48824e-11	0.67975	0	0.68045	0.999742	2.7211	
78	97.2925	9.18016e-09	1.78632e-06	0	0.000695182	9.43565e-11	0.67636	0	0.677057	0.999742	2.70753	
79	97.306	9.13058e-09	1.77692e-06	0	0.000691619	9.38338e-11	0.672986	0	0.67368	0.999742	2.69402	
80	97.3194	9.08128e-09	1.76757e-06	0	0.000688074	9.33143e-11	0.66963	0	0.67032	0.999742	2.68059	
81	97.3328	9.03226e-09	1.75827e-06	0	0.000684549	9.27979e-11	0.66629	0	0.666976	0.999742	2.66722	
82	97.3461	8.98353e-09	1.74902e-06	0	0.000681041	9.22846e-11	0.662967	0	0.66365	0.999742	2.65392	
83	97.3593	8.93508e-09	1.73983e-06	0	0.000677553	9.17744e-11	0.659661	0	0.66034	0.999742	2.64068	
84	97.3725	8.88691e-09	1.73068e-06	0	0.000674082	9.12673e-11	0.656371	0	0.657046	0.999742	2.62751	
85	97.3856	8.83902e-09	1.72159e-06	0	0.00067063	9.07632e-11	0.653097	0	0.653769	0.999742	2.6144	
86	97.3986	8.7914e-09	1.71254e-06	0	0.000667196	9.02622e-11	0.64984	0	0.650509	0.999742	2.60136	
87	97.4116	8.74406e-09	1.70355e-06	0	0.00066378	8.97642e-11	0.646599	0	0.647264	0.999742	2.58839	
88	97.4245	8.69699e-09	1.6946e-06	0	0.000660382	8.92692e-11	0.643374	0	0.644036	0.999742	2.57548	
89	97.4374	8.6502e-09	1.6857e-06	0	0.000657002	8.87771e-11	0.640165	0	0.640824	0.999742	2.56264	
90	97.4501	8.60367e-09	1.67686e-06	0	0.000653639	8.8288e-11	0.636972	0	0.637628	0.999742	2.54985	
91	97.4629	8.55741e-09	1.66806e-06	0	0.000650295	8.78018e-11	0.633796	0	0.634448	0.999742	2.53714	
92	97.4755	8.51141e-09	1.65931e-06	0	0.000646967	8.73186e-11	0.630635	0	0.631283	0.999742	2.52448	
93	97.4881	8.46568e-09	1.65061e-06	0	0.000643657	8.68382e-11	0.627489	0	0.628135	0.999742	2.51189	
94	97.5006	8.42021e-09	1.64195e-06	0	0.000640365	8.63607e-11	0.62436	0	0.625002	0.999743	2.49936	
95	97.5131	8.375e-09	1.63334e-06	0	0.00063709	8.5886e-11	0.621246	0	0.621885	0.999743	2.4869	
96	97.5255	8.33005e-09	1.62478e-06	0	0.000633832	8.54142e-11	0.618148	0	0.618783	0.999743	2.4745	
97	97.5378	8.28536e-09	1.61627e-06	0	0.000630591	8.49452e-11	0.615065	0	0.615697	0.999743	2.46215	
98	97.5501	8.24093e-09	1.60781e-06	0	0.000627367	8.4479e-11	0.611997	0	0.612626	0.999743	2.44987	
99	97.5623	8.19675e-09	1.59939e-06	0	0.00062416	8.40155e-11	0.608945	0	0.609571	0.999743	2.43765	
100	97.5745	8.15282e-09	1.59101e-06	0	0.000620969	8.35549e-11	0.605908	0	0.60653	0.999743	2.4255	
