# Time	O2	HbO2	HbO23	HbO22	HbCO	HbO24	Hb	CO	Values[Total_Hb]	Values[Sat_O2]	
0	100	0	0	0	0	0	1	0	1	0	
0.1	96.001	1.41133e-08	0.00104057	2.70978e-06	0	0.998957	1.47009e-10	0	1	0.999738	
0.2	96.001	1.41133e-08	0.00104057	2.70978e-06	0	0.998957	1.47012e-10	0	1	0.999738	
0.3	96.001	1.41133e-08	0.00104057	2.70978e-06	0	0.998957	1.47012e-10	0	1	0.999738	
0.4	96.001	1.41133e-08	0.00104057	2.70978e-06	0	0.998957	1.47012e-10	0	1	0.999738	
0.5	96.001	1.41133e-08	0.00104057	2.70978e-06	0	0.998957	1.47012e-10	0	1	0.999738	
0.6	96.001	1.41133e-08	0.00104057	2.70978e-06	0	0.998957	1.47012e-10	0	1	0.999738	
0.7	96.001	1.41133e-08	0.00104057	2.70978e-06	0	0.998957	1.47012e-10	0	1	0.999738	
0.8	96.001	1.41133e-08	0.00104057	2.70978e-06	0	0.998957	1.47012e-10	0	1	0.999738	
0.9	96.001	1.41133e-08	0.00104057	2.70978e-06	0	0.998957	1.47012e-10	0	1	0.999738	
1	96.001	1.41133e-08	0.00104057	2.70978e-06	0	0.998957	1.47012e-10	0	1	0.999738	
1.1	96.001	1.41133e-08	0.00104057	2.70978e-06	0	0.998957	1.47012e-10	0	1	0.999738	
1.2	96.001	1.41133e-08	0.00104057	2.70978e-06	0	0.998957	1.47012e-10	0	1	0.999738	
1.3	96.001	1.41133e-08	0.00104057	2.70978e-06	0	0.998957	1.47012e-10	0	1	0.999738	
1.4	96.001	1.41133e-08	0.00104057	2.70978e-06	0	0.998957	1.47012e-10	0	1	0.999738	
1.5	96.001	1.41133e-08	0.00104057	2.70978e-06	0	0.998957	1.47012e-10	0	1	0.999738	
1.6	96.001	1.41133e-08	0.00104057	2.70978e-06	0	0.998957	1.47012e-10	0	1	0.999738	
1.7	96.001	1.41133e-08	0.00104057	2.70978e-06	0	0.998957	1.47012e-10	0	1	0.999738	
1.8	96.001	1.41133e-08	0.00104057	2.70978e-06	0	0.998957	1.47012e-10	0	1	0.999738	
1.9	96.001	1.41133e-08	0.00104057	2.70978e-06	0	0.998957	1.47012e-10	0	1	0.999738	
2	96.001	1.41133e-08	0.00104057	2.70978e-06	0	0.998957	1.47012e-10	0	1	0.999738	
2.1	96.001	1.41133e-08	0.00104057	2.70978e-06	0	0.998957	1.47012e-10	0	1	0.999738	
2.2	96.001	1.41133e-08	0.00104057	2.70978e-06	0	0.998957	1.47012e-10	0	1	0.999738	
2.3	96.001	1.41133e-08	0.00104057	2.70978e-06	0	0.998957	1.47012e-10	0	1	0.999738	
2.4	96.001	1.41133e-08	0.00104057	2.70978e-06	0	0.998957	1.47012e-10	0	1	0.999738	
2.5	96.001	1.41133e-08	0.00104057	2.70978e-06	0	0.998957	1.47012e-10	0	1	0.999738	
2.6	96.001	1.41133e-08	0.00104057	2.70978e-06	0	0.998957	1.47012e-10	0	1	0.999738	
2.7	96.001	1.41133e-08	0.00104057	2.70978e-06	0	0.998957	1.47012e-10	0	1	0.999738	
2.8	96.001	1.41133e-08	0.00104057	2.70978e-06	0	0.998957	1.47012e-10	0	1	0.999738	
2.9	96.001	1.41133e-08	0.00104057	2.70978e-06	0	0.998957	1.47012e-10	0	1	0.999738	
3	96.001	1.41133e-08	0.00104057	2.70978e-06	0	0.998957	1.47012e-10	0	1	0.999738	
3.1	96.001	1.41133e-08	0.00104057	2.70978e-06	0	0.998957	1.47012e-10	0	1	0.999738	
3.2	96.001	1.41133e-08	0.00104057	2.70978e-06	0	0.998957	1.47012e-10	0	1	0.999738	
3.3	96.001	1.41133e-08	0.00104057	2.70978e-06	0	0.998957	1.47012e-10	0	1	0.999738	
3.4	96.001	1.41133e-08	0.00104057	2.70978e-06	0	0.998957	1.47012e-10	0	1	0.999738	
3.5	96.001	1.41133e-08	0.00104057	2.70978e-06	0	0.998957	1.47012e-10	0	1	0.999738	
3.6	96.001	1.41133e-08	0.00104057	2.70978e-06	0	0.998957	1.47012e-10	0	1	0.999738	
3.7	96.001	1.41133e-08	0.00104057	2.70978e-06	0	0.998957	1.47012e-10	0	1	0.999738	
3.8	96.001	1.41133e-08	0.00104057	2.70978e-06	0	0.998957	1.47012e-10	0	1	0.999738	
3.9	96.001	1.41133e-08	0.00104057	2.70978e-06	0	0.998957	1.47012e-10	0	1	0.999738	
4	96.001	1.41133e-08	0.00104057	2.70978e-06	0	0.998957	1.47012e-10	0	1	0.999738	
4.1	96.001	1.41133e-08	0.00104057	2.70978e-06	0	0.998957	1.47012e-10	0	1	0.999738	
4.2	96.001	1.41133e-08	0.00104057	2.70978e-06	0	0.998957	1.47012e-10	0	1	0.999738	
4.3	96.001	1.41133e-08	0.00104057	2.70978e-06	0	0.998957	1.47012e-10	0	1	0.999738	
4.4	96.001	1.41133e-08	0.00104057	2.70978e-06	0	0.998957	1.47012e-10	0	1	0.999738	
4.5	96.001	1.41133e-08	0.00104057	2.70978e-06	0	0.998957	1.47012e-10	0	1	0.999738	
4.6	96.001	1.41133e-08	0.00104057	2.70978e-06	0	0.998957	1.47012e-10	0	1	0.999738	
4.7	96.001	1.41133e-08	0.00104057	2.70978e-06	0	0.998957	1.47012e-10	0	1	0.999738	
4.8	96.001	1.41133e-08	0.00104057	2.70978e-06	0	0.998957	1.47012e-10	0	1	0.999738	
4.9	96.001	1.41133e-08	0.00104057	2.70978e-06	0	0.998957	1.47012e-10	0	1	0.999738	
5	96.001	1.41133e-08	0.00104057	2.70978e-06	0	0.998957	1.47012e-10	0	1	0.999738	
5.1	96.1944	6.43889e-06	0.000992009	7.31291e-06	0.0483451	0.950639	9.84467e-06	4.95165	1	0.951389	
5.2	96.3753	1.26991e-05	0.000947006	1.18699e-05	0.0935565	0.905453	1.92613e-05	4.90644	1	0.906172	
5.3	96.5446	1.85628e-05	0.000905051	1.61394e-05	0.135874	0.863158	2.80815e-05	4.86413	1	0.863849	
5.4	96.7032	2.40595e-05	0.000865896	2.01424e-05	0.175516	0.823538	3.63495e-05	4.82448	1	0.824203	
5.5	96.8519	2.92158e-05	0.000829317	2.38983e-05	0.212679	0.786394	4.41053e-05	4.78732	1	0.787036	
5.6	96.9913	3.4056e-05	0.000795113	2.74246e-05	0.247543	0.751549	5.13856e-05	4.75246	1	0.752167	
5.7	97.1223	3.86024e-05	0.000763102	3.07374e-05	0.280273	0.718837	5.8224e-05	4.71973	1	0.719434	
5.8	97.2453	4.28753e-05	0.000733119	3.38515e-05	0.311018	0.688108	6.4651e-05	4.68898	1	0.688685	
5.9	97.3609	4.68935e-05	0.000705013	3.67803e-05	0.339915	0.659225	7.06948e-05	4.66008	1	0.659784	
6	97.4696	5.06742e-05	0.000678648	3.95364e-05	0.367092	0.632063	7.63812e-05	4.63291	1	0.632604	
6.1	97.5719	5.4233e-05	0.0006539	4.21312e-05	0.392663	0.606505	8.1734e-05	4.60734	1	0.60703	
6.2	97.6682	5.75847e-05	0.000630654	4.45751e-05	0.416735	0.582445	8.67752e-05	4.58326	1	0.582955	
6.3	97.7589	6.07426e-05	0.000608807	4.68781e-05	0.439408	0.559784	9.15249e-05	4.56059	1	0.56028	
6.4	97.8443	6.37192e-05	0.000588263	4.90491e-05	0.46077	0.538433	9.60018e-05	4.53923	1	0.538914	
6.5	97.9249	6.6526e-05	0.000568933	5.10965e-05	0.480907	0.518306	0.000100223	4.51909	1	0.518775	
6.6	98.0009	6.91736e-05	0.000550738	5.30279e-05	0.499896	0.499327	0.000104205	4.5001	1	0.499784	
6.7	98.0725	7.1672e-05	0.000533603	5.48506e-05	0.517809	0.481423	0.000107963	4.48219	1	0.481869	
6.8	98.1401	7.40303e-05	0.000517458	5.65712e-05	0.534712	0.464528	0.00011151	4.46529	1	0.464963	
6.9	98.204	7.6257e-05	0.00050224	5.8196e-05	0.550669	0.44858	0.000114859	4.44933	1	0.449004	
7	98.2643	7.83602e-05	0.000487891	5.97308e-05	0.565736	0.43352	0.000118022	4.43426	1	0.433936	
7.1	98.3212	8.03471e-05	0.000474356	6.11808e-05	0.579967	0.419296	0.000121011	4.42003	1	0.419703	
7.2	98.375	8.22248e-05	0.000461584	6.25513e-05	0.593412	0.405857	0.000123835	4.40659	1	0.406255	
7.3	98.4258	8.39997e-05	0.000449528	6.38467e-05	0.606119	0.393157	0.000126504	4.39388	1	0.393547	
7.4	98.4739	8.56778e-05	0.000438144	6.50715e-05	0.61813	0.381152	0.000129028	4.38187	1	0.381535	
7.5	98.5193	8.72646e-05	0.000427393	6.62299e-05	0.629486	0.369802	0.000131414	4.37051	1	0.370178	
7.6	98.5623	8.87656e-05	0.000417236	6.73256e-05	0.640225	0.359068	0.000133672	4.35978	1	0.359437	
7.7	98.6029	9.01856e-05	0.000407637	6.83622e-05	0.650383	0.348915	0.000135807	4.34962	1	0.349278	
7.8	98.6413	9.15292e-05	0.000398564	6.93432e-05	0.659993	0.33931	0.000137828	4.34001	1	0.339666	
7.9	98.6777	9.28007e-05	0.000389986	7.02715e-05	0.669086	0.330221	0.000139741	4.33091	1	0.330572	
8	98.7121	9.40043e-05	0.000381874	7.11503e-05	0.677692	0.321619	0.000141551	4.32231	1	0.321965	
8.1	98.7447	9.51438e-05	0.000374202	7.19823e-05	0.685839	0.313477	0.000143264	4.31416	1	0.313817	
8.2	98.7756	9.62226e-05	0.000366943	7.27701e-05	0.693551	0.305769	0.000144887	4.30645	1	0.306104	
8.3	98.8048	9.72443e-05	0.000360075	7.35161e-05	0.700853	0.29847	0.000146424	4.29915	1	0.298801	
8.4	98.8325	9.82119e-05	0.000353576	7.42227e-05	0.707768	0.291558	0.000147879	4.29223	1	0.291885	
8.5	98.8587	9.91284e-05	0.000347423	7.4892e-05	0.714317	0.285012	0.000149257	4.28568	1	0.285335	
8.6	98.8835	9.99966e-05	0.000341599	7.5526e-05	0.720521	0.278812	0.000150563	4.27948	1	0.279131	
8.7	98.907	0.000100819	0.000336085	7.61268e-05	0.726398	0.272938	0.0001518	4.2736	1	0.273253	
8.8	98.9293	0.000101599	0.000330863	7.6696e-05	0.731966	0.267372	0.000152972	4.26803	1	0.267684	
8.9	98.9504	0.000102337	0.000325917	7.72355e-05	0.737242	0.262099	0.000154083	4.26276	1	0.262407	
9	98.9704	0.000103037	0.000321232	7.77467e-05	0.742242	0.257101	0.000155136	4.25776	1	0.257407	
9.1	98.9893	0.000103701	0.000316794	7.82313e-05	0.74698	0.252365	0.000156134	4.25302	1	0.252668	
9.2	99.0073	0.00010433	0.00031259	7.86907e-05	0.751471	0.247876	0.00015708	4.24853	1	0.248176	
9.3	99.0243	0.000104926	0.000308605	7.91261e-05	0.755729	0.243621	0.000157976	4.24427	1	0.243918	
9.4	99.0405	0.000105491	0.00030483	7.9539e-05	0.759765	0.239587	0.000158826	4.24024	1	0.239882	
9.5	99.0558	0.000106027	0.000301252	7.99304e-05	0.763591	0.235762	0.000159632	4.23641	1	0.236055	
9.6	99.0703	0.000106535	0.000297861	8.03016e-05	0.767218	0.232137	0.000160396	4.23278	1	0.232427	
9.7	99.0841	0.000107017	0.000294646	8.06535e-05	0.770658	0.228698	0.000161121	4.22934	1	0.228986	
9.8	99.0971	0.000107474	0.000291599	8.09873e-05	0.77392	0.225438	0.000161808	4.22608	1	0.225724	
9.9	99.1095	0.000107907	0.00028871	8.13038e-05	0.777013	0.222347	0.00016246	4.22299	1	0.222631	
10	99.1212	0.000108318	0.000285971	8.1604e-05	0.779946	0.219415	0.000163078	4.22005	1	0.219697	
10.1	99.1323	0.000108708	0.000283374	8.18888e-05	0.782728	0.216634	0.000163664	4.21727	1	0.216915	
10.2	99.1429	0.000109078	0.000280912	8.21588e-05	0.785367	0.213997	0.00016422	4.21463	1	0.214276	
10.3	99.1529	0.000109428	0.000278576	8.2415e-05	0.78787	0.211495	0.000164748	4.21213	1	0.211772	
10.4	99.1624	0.000109761	0.000276362	8.26581e-05	0.790244	0.209122	0.000165248	4.20976	1	0.209398	
10.5	99.1714	0.000110077	0.000274261	8.28887e-05	0.792497	0.20687	0.000165723	4.2075	1	0.207145	
10.6	99.18	0.000110376	0.000272269	8.31074e-05	0.794633	0.204735	0.000166173	4.20537	1	0.205008	
10.7	99.1881	0.00011066	0.000270379	8.33149e-05	0.79666	0.202709	0.0001666	4.20334	1	0.202981	
10.8	99.1958	0.00011093	0.000268586	8.35118e-05	0.798583	0.200787	0.000167005	4.20142	1	0.201058	
10.9	99.2031	0.000111185	0.000266886	8.36986e-05	0.800408	0.198963	0.00016739	4.19959	1	0.199233	
11	99.21	0.000111428	0.000265273	8.38758e-05	0.802139	0.197233	0.000167755	4.19786	1	0.197502	
11.1	99.2166	0.000111658	0.000263743	8.4044e-05	0.803781	0.195591	0.000168101	4.19622	1	0.195859	
11.2	99.2228	0.000111877	0.000262291	8.42036e-05	0.805339	0.194034	0.000168429	4.19466	1	0.1943	
11.3	99.2287	0.000112084	0.000260914	8.4355e-05	0.806818	0.192556	0.000168741	4.19318	1	0.192821	
11.4	99.2343	0.00011228	0.000259607	8.44987e-05	0.808222	0.191153	0.000169037	4.19178	1	0.191418	
11.5	99.2397	0.000112467	0.000258367	8.46351e-05	0.809553	0.189822	0.000169318	4.19045	1	0.190086	
11.6	99.2447	0.000112644	0.00025719	8.47645e-05	0.810817	0.188559	0.000169584	4.18918	1	0.188823	
11.7	99.2495	0.000112812	0.000256074	8.48873e-05	0.812016	0.187361	0.000169837	4.18798	1	0.187623	
11.8	99.2541	0.000112972	0.000255015	8.50038e-05	0.813154	0.186223	0.000170077	4.18685	1	0.186485	
11.9	99.2584	0.000113123	0.000254009	8.51144e-05	0.814234	0.185144	0.000170304	4.18577	1	0.185405	
12	99.2625	0.000113267	0.000253055	8.52194e-05	0.815259	0.184119	0.000170521	4.18474	1	0.18438	
12.1	99.2664	0.000113403	0.00025215	8.5319e-05	0.816232	0.183147	0.000170726	4.18377	1	0.183407	
12.2	99.2701	0.000113533	0.000251291	8.54136e-05	0.817155	0.182224	0.00017092	4.18285	1	0.182484	
12.3	99.2736	0.000113656	0.000250476	8.55034e-05	0.818031	0.181348	0.000171105	4.18197	1	0.181607	
12.4	99.2769	0.000113772	0.000249702	8.55885e-05	0.818863	0.180517	0.00017128	4.18114	1	0.180775	
12.5	99.2801	0.000113883	0.000248968	8.56694e-05	0.819652	0.179728	0.000171447	4.18035	1	0.179986	
12.6	99.2831	0.000113988	0.000248271	8.57461e-05	0.820401	0.178979	0.000171605	4.1796	1	0.179237	
12.7	99.2859	0.000114088	0.000247609	8.5819e-05	0.821112	0.178268	0.000171755	4.17889	1	0.178525	
12.8	99.2886	0.000114182	0.000246981	8.58881e-05	0.821787	0.177594	0.000171897	4.17821	1	0.17785	
12.9	99.2912	0.000114272	0.000246385	8.59537e-05	0.822428	0.176953	0.000172032	4.17757	1	0.17721	
13	99.2936	0.000114357	0.00024582	8.6016e-05	0.823036	0.176346	0.00017216	4.17696	1	0.176601	
13.1	99.2959	0.000114438	0.000245283	8.60752e-05	0.823613	0.175769	0.000172282	4.17639	1	0.176024	
13.2	99.2981	0.000114515	0.000244774	8.61313e-05	0.824161	0.175221	0.000172398	4.17584	1	0.175476	
13.3	99.3002	0.000114588	0.00024429	8.61846e-05	0.824681	0.174701	0.000172507	4.17532	1	0.174956	
13.4	99.3022	0.000114657	0.000243831	8.62351e-05	0.825175	0.174208	0.000172611	4.17482	1	0.174462	
13.5	99.304	0.000114723	0.000243395	8.62832e-05	0.825644	0.173739	0.00017271	4.17436	1	0.173994	
13.6	99.3058	0.000114785	0.000242982	8.63287e-05	0.826089	0.173295	0.000172804	4.17391	1	0.173549	
13.7	99.3075	0.000114844	0.000242589	8.6372e-05	0.826511	0.172872	0.000172893	4.17349	1	0.173126	
13.8	99.3091	0.000114901	0.000242216	8.6413e-05	0.826912	0.172472	0.000172977	4.17309	1	0.172725	
13.9	99.3106	0.000114954	0.000241862	8.6452e-05	0.827292	0.172091	0.000173058	4.17271	1	0.172345	
14	99.3121	0.000115005	0.000241527	8.6489e-05	0.827653	0.17173	0.000173134	4.17235	1	0.171984	
14.1	99.3134	0.000115053	0.000241208	8.65242e-05	0.827996	0.171388	0.000173206	4.172	1	0.171641	
14.2	99.3147	0.000115098	0.000240905	8.65575e-05	0.828322	0.171062	0.000173275	4.17168	1	0.171315	
14.3	99.316	0.000115142	0.000240618	8.65892e-05	0.828631	0.170754	0.00017334	4.17137	1	0.171006	
14.4	99.3171	0.000115183	0.000240345	8.66192e-05	0.828924	0.17046	0.000173402	4.17108	1	0.170713	
14.5	99.3183	0.000115222	0.000240087	8.66477e-05	0.829203	0.170182	0.000173461	4.1708	1	0.170434	
14.6	99.3193	0.000115259	0.000239841	8.66748e-05	0.829467	0.169918	0.000173516	4.17053	1	0.17017	
14.7	99.3203	0.000115294	0.000239608	8.67005e-05	0.829718	0.169667	0.000173569	4.17028	1	0.169919	
14.8	99.3213	0.000115328	0.000239386	8.67249e-05	0.829956	0.169429	0.000173619	4.17004	1	0.169681	
14.9	99.3222	0.000115359	0.000239176	8.67481e-05	0.830182	0.169203	0.000173667	4.16982	1	0.169454	
15	99.323	0.000115389	0.000238976	8.67701e-05	0.830397	0.168988	0.000173712	4.1696	1	0.16924	
15.1	99.3239	0.000115418	0.000238787	8.6791e-05	0.830601	0.168784	0.000173755	4.1694	1	0.169036	
15.2	99.3246	0.000115445	0.000238607	8.68108e-05	0.830794	0.168591	0.000173796	4.16921	1	0.168842	
15.3	99.3254	0.000115471	0.000238436	8.68296e-05	0.830978	0.168407	0.000173835	4.16902	1	0.168659	
15.4	99.3261	0.000115495	0.000238274	8.68475e-05	0.831152	0.168233	0.000173872	4.16885	1	0.168484	
15.5	99.3267	0.000115518	0.00023812	8.68645e-05	0.831318	0.168068	0.000173907	4.16868	1	0.168318	
15.6	99.3274	0.000115541	0.000237974	8.68806e-05	0.831475	0.16791	0.00017394	4.16852	1	0.168161	
15.7	99.328	0.000115561	0.000237836	8.68959e-05	0.831624	0.167761	0.000173971	4.16838	1	0.168012	
15.8	99.3285	0.000115581	0.000237704	8.69104e-05	0.831766	0.16762	0.000174001	4.16823	1	0.16787	
15.9	99.3291	0.0001156	0.000237579	8.69242e-05	0.831901	0.167485	0.000174029	4.1681	1	0.167736	
16	99.3296	0.000115618	0.00023746	8.69372e-05	0.832028	0.167358	0.000174056	4.16797	1	0.167608	
16.1	99.3301	0.000115635	0.000237348	8.69497e-05	0.832149	0.167237	0.000174082	4.16785	1	0.167487	
16.2	99.3305	0.000115651	0.000237241	8.69615e-05	0.832265	0.167122	0.000174106	4.16774	1	0.167372	
16.3	99.3309	0.000115667	0.000237139	8.69726e-05	0.832374	0.167012	0.000174129	4.16763	1	0.167263	
16.4	99.3314	0.000115681	0.000237043	8.69833e-05	0.832477	0.166909	0.000174151	4.16752	1	0.167159	
16.5	99.3318	0.000115695	0.000236952	8.69934e-05	0.832576	0.16681	0.000174172	4.16742	1	0.16706	
16.6	99.3321	0.000115708	0.000236865	8.70029e-05	0.832669	0.166717	0.000174192	4.16733	1	0.166967	
16.7	99.3325	0.00011572	0.000236782	8.7012e-05	0.832758	0.166628	0.00017421	4.16724	1	0.166878	
16.8	99.3328	0.000115732	0.000236704	8.70207e-05	0.832842	0.166544	0.000174228	4.16716	1	0.166794	
16.9	99.3331	0.000115743	0.00023663	8.70289e-05	0.832922	0.166464	0.000174245	4.16708	1	0.166714	
17	99.3334	0.000115754	0.000236559	8.70366e-05	0.832998	0.166388	0.000174261	4.167	1	0.166638	
17.1	99.3337	0.000115764	0.000236492	8.7044e-05	0.833071	0.166316	0.000174276	4.16693	1	0.166566	
17.2	99.334	0.000115774	0.000236428	8.70511e-05	0.833139	0.166247	0.000174291	4.16686	1	0.166497	
17.3	99.3343	0.000115783	0.000236368	8.70577e-05	0.833204	0.166182	0.000174304	4.1668	1	0.166432	
17.4	99.3345	0.000115792	0.000236311	8.7064e-05	0.833266	0.166121	0.000174317	4.16673	1	0.166371	
17.5	99.3348	0.0001158	0.000236256	8.707e-05	0.833324	0.166062	0.00017433	4.16668	1	0.166312	
17.6	99.335	0.000115808	0.000236204	8.70757e-05	0.83338	0.166007	0.000174341	4.16662	1	0.166256	
17.7	99.3352	0.000115815	0.000236155	8.70811e-05	0.833433	0.165954	0.000174353	4.16657	1	0.166203	
17.8	99.3354	0.000115822	0.000236109	8.70863e-05	0.833483	0.165904	0.000174363	4.16652	1	0.166153	
17.9	99.3356	0.000115829	0.000236065	8.70912e-05	0.83353	0.165856	0.000174373	4.16647	1	0.166106	
18	99.3358	0.000115835	0.000236023	8.70958e-05	0.833576	0.165811	0.000174383	4.16642	1	0.166061	
18.1	99.3359	0.000115841	0.000235983	8.71002e-05	0.833618	0.165768	0.000174392	4.16638	1	0.166018	
18.2	99.3361	0.000115847	0.000235945	8.71044e-05	0.833659	0.165727	0.0001744	4.16634	1	0.165977	
18.3	99.3362	0.000115852	0.000235909	8.71083e-05	0.833698	0.165689	0.000174409	4.1663	1	0.165938	
18.4	99.3364	0.000115857	0.000235875	8.71121e-05	0.833735	0.165652	0.000174416	4.16627	1	0.165902	
18.5	99.3365	0.000115862	0.000235843	8.71156e-05	0.833769	0.165617	0.000174424	4.16623	1	0.165867	
18.6	99.3367	0.000115867	0.000235812	8.7119e-05	0.833803	0.165584	0.000174431	4.1662	1	0.165834	
18.7	99.3368	0.000115871	0.000235783	8.71223e-05	0.833834	0.165553	0.000174437	4.16617	1	0.165802	
18.8	99.3369	0.000115875	0.000235755	8.71253e-05	0.833864	0.165523	0.000174443	4.16614	1	0.165772	
18.9	99.337	0.000115879	0.000235729	8.71282e-05	0.833892	0.165495	0.000174449	4.16611	1	0.165744	
19	99.3371	0.000115883	0.000235704	8.7131e-05	0.833919	0.165468	0.000174455	4.16608	1	0.165717	
19.1	99.3372	0.000115887	0.00023568	8.71336e-05	0.833944	0.165442	0.000174461	4.16606	1	0.165692	
19.2	99.3373	0.00011589	0.000235657	8.71361e-05	0.833969	0.165418	0.000174466	4.16603	1	0.165667	
19.3	99.3374	0.000115893	0.000235636	8.71384e-05	0.833992	0.165395	0.00017447	4.16601	1	0.165644	
19.4	99.3375	0.000115896	0.000235616	8.71407e-05	0.834014	0.165373	0.000174475	4.16599	1	0.165623	
19.5	99.3376	0.000115899	0.000235597	8.71428e-05	0.834034	0.165353	0.000174479	4.16597	1	0.165602	
19.6	99.3377	0.000115902	0.000235578	8.71448e-05	0.834054	0.165333	0.000174484	4.16595	1	0.165582	
19.7	99.3377	0.000115905	0.000235561	8.71467e-05	0.834073	0.165314	0.000174488	4.16593	1	0.165563	
19.8	99.3378	0.000115907	0.000235544	8.71485e-05	0.83409	0.165297	0.000174491	4.16591	1	0.165546	
19.9	99.3379	0.00011591	0.000235529	8.71503e-05	0.834107	0.16528	0.000174495	4.16589	1	0.165529	
20	99.3379	0.000115912	0.000235514	8.71519e-05	0.834123	0.165264	0.000174498	4.16588	1	0.165513	
20.1	99.338	0.000115914	0.0002355	8.71535e-05	0.834138	0.165248	0.000174501	4.16586	1	0.165498	
20.2	99.3381	0.000115916	0.000235486	8.71549e-05	0.834153	0.165234	0.000174504	4.16585	1	0.165483	
20.3	99.3381	0.000115918	0.000235474	8.71563e-05	0.834167	0.16522	0.000174507	4.16583	1	0.16547	
20.4	99.3382	0.00011592	0.000235462	8.71577e-05	0.83418	0.165207	0.00017451	4.16582	1	0.165457	
20.5	99.3382	0.000115921	0.00023545	8.71589e-05	0.834192	0.165195	0.000174513	4.16581	1	0.165444	
20.6	99.3383	0.000115923	0.000235439	8.71601e-05	0.834204	0.165183	0.000174515	4.1658	1	0.165432	
20.7	99.3383	0.000115925	0.000235429	8.71613e-05	0.834215	0.165172	0.000174518	4.16579	1	0.165421	
20.8	99.3384	0.000115926	0.000235419	8.71624e-05	0.834225	0.165162	0.00017452	4.16577	1	0.165411	
20.9	99.3384	0.000115928	0.00023541	8.71634e-05	0.834235	0.165152	0.000174522	4.16576	1	0.165401	
21	99.3384	0.000115929	0.000235401	8.71644e-05	0.834245	0.165142	0.000174524	4.16576	1	0.165391	
21.1	99.3385	0.00011593	0.000235392	8.71653e-05	0.834254	0.165133	0.000174526	4.16575	1	0.165382	
21.2	99.3385	0.000115931	0.000235384	8.71662e-05	0.834262	0.165125	0.000174528	4.16574	1	0.165374	
21.3	99.3385	0.000115933	0.000235377	8.7167e-05	0.834271	0.165116	0.000174529	4.16573	1	0.165365	
21.4	99.3386	0.000115934	0.00023537	8.71678e-05	0.834278	0.165109	0.000174531	4.16572	1	0.165358	
21.5	99.3386	0.000115935	0.000235363	8.71685e-05	0.834286	0.165101	0.000174532	4.16571	1	0.16535	
21.6	99.3386	0.000115936	0.000235356	8.71693e-05	0.834293	0.165094	0.000174534	4.16571	1	0.165343	
21.7	99.3387	0.000115937	0.00023535	8.71699e-05	0.834299	0.165088	0.000174535	4.1657	1	0.165337	
21.8	99.3387	0.000115937	0.000235344	8.71706e-05	0.834306	0.165081	0.000174537	4.16569	1	0.165331	
21.9	99.3387	0.000115938	0.000235339	8.71712e-05	0.834312	0.165075	0.000174538	4.16569	1	0.165325	
22	99.3387	0.000115939	0.000235334	8.71718e-05	0.834317	0.16507	0.000174539	4.16568	1	0.165319	
22.1	99.3387	0.00011594	0.000235329	8.71723e-05	0.834323	0.165064	0.00017454	4.16568	1	0.165314	
22.2	99.3388	0.000115941	0.000235324	8.71728e-05	0.834328	0.165059	0.000174541	4.16567	1	0.165308	
22.3	99.3388	0.000115941	0.000235319	8.71733e-05	0.834333	0.165054	0.000174542	4.16567	1	0.165304	
22.4	99.3388	0.000115942	0.000235315	8.71738e-05	0.834337	0.16505	0.000174543	4.16566	1	0.165299	
22.5	99.3388	0.000115942	0.000235311	8.71743e-05	0.834342	0.165046	0.000174544	4.16566	1	0.165295	
22.6	99.3388	0.000115943	0.000235307	8.71747e-05	0.834346	0.165041	0.000174545	4.16565	1	0.16529	
22.7	99.3389	0.000115944	0.000235304	8.71751e-05	0.83435	0.165037	0.000174546	4.16565	1	0.165286	
22.8	99.3389	0.000115944	0.0002353	8.71755e-05	0.834353	0.165034	0.000174547	4.16565	1	0.165283	
22.9	99.3389	0.000115945	0.000235297	8.71758e-05	0.834357	0.16503	0.000174547	4.16564	1	0.165279	
23	99.3389	0.000115945	0.000235294	8.71762e-05	0.83436	0.165027	0.000174548	4.16564	1	0.165276	
23.1	99.3389	0.000115946	0.000235291	8.71765e-05	0.834363	0.165024	0.000174549	4.16564	1	0.165273	
23.2	99.3389	0.000115946	0.000235288	8.71768e-05	0.834367	0.165021	0.00017455	4.16563	1	0.16527	
23.3	99.3389	0.000115946	0.000235285	8.71771e-05	0.834369	0.165018	0.00017455	4.16563	1	0.165267	
23.4	99.3389	0.000115947	0.000235283	8.71774e-05	0.834372	0.165015	0.000174551	4.16563	1	0.165264	
23.5	99.339	0.000115947	0.00023528	8.71777e-05	0.834375	0.165012	0.000174551	4.16563	1	0.165261	
23.6	99.339	0.000115947	0.000235278	8.71779e-05	0.834377	0.16501	0.000174552	4.16562	1	0.165259	
23.7	99.339	0.000115948	0.000235276	8.71782e-05	0.83438	0.165007	0.000174552	4.16562	1	0.165257	
23.8	99.339	0.000115948	0.000235274	8.71784e-05	0.834382	0.165005	0.000174553	4.16562	1	0.165254	
23.9	99.339	0.000115948	0.000235272	8.71786e-05	0.834384	0.165003	0.000174553	4.16562	1	0.165252	
24	99.339	0.000115949	0.00023527	8.71788e-05	0.834386	0.165001	0.000174554	4.16561	1	0.16525	
24.1	99.339	0.000115949	0.000235268	8.7179e-05	0.834388	0.164999	0.000174554	4.16561	1	0.165248	
24.2	99.339	0.000115949	0.000235266	8.71792e-05	0.83439	0.164997	0.000174554	4.16561	1	0.165246	
24.3	99.339	0.000115949	0.000235265	8.71794e-05	0.834391	0.164996	0.000174555	4.16561	1	0.165245	
24.4	99.339	0.00011595	0.000235263	8.71795e-05	0.834393	0.164994	0.000174555	4.16561	1	0.165243	
24.5	99.339	0.00011595	0.000235262	8.71797e-05	0.834395	0.164993	0.000174555	4.16561	1	0.165242	
24.6	99.339	0.00011595	0.00023526	8.71798e-05	0.834396	0.164991	0.000174556	4.1656	1	0.16524	
24.7	99.339	0.00011595	0.000235259	8.718e-05	0.834397	0.16499	0.000174556	4.1656	1	0.165239	
24.8	99.3391	0.00011595	0.000235258	8.71801e-05	0.834399	0.164988	0.000174556	4.1656	1	0.165237	
24.9	99.3391	0.000115951	0.000235257	8.71803e-05	0.8344	0.164987	0.000174557	4.1656	1	0.165236	
25	99.3391	0.000115951	0.000235256	8.71804e-05	0.834401	0.164986	0.000174557	4.1656	1	0.165235	
25.1	99.3391	0.000115951	0.000235255	8.71805e-05	0.834402	0.164985	0.000174557	4.1656	1	0.165234	
25.2	99.3391	0.000115951	0.000235254	8.71806e-05	0.834403	0.164984	0.000174557	4.1656	1	0.165233	
25.3	99.3391	0.000115951	0.000235253	8.71807e-05	0.834404	0.164983	0.000174558	4.1656	1	0.165232	
25.4	99.3391	0.000115951	0.000235252	8.71808e-05	0.834405	0.164982	0.000174558	4.16559	1	0.165231	
25.5	99.3391	0.000115952	0.000235251	8.71809e-05	0.834406	0.164981	0.000174558	4.16559	1	0.16523	
25.6	99.3391	0.000115952	0.00023525	8.7181e-05	0.834407	0.16498	0.000174558	4.16559	1	0.165229	
25.7	99.3391	0.000115952	0.000235249	8.71811e-05	0.834408	0.164979	0.000174558	4.16559	1	0.165228	
25.8	99.3391	0.000115952	0.000235249	8.71812e-05	0.834409	0.164978	0.000174558	4.16559	1	0.165227	
25.9	99.3391	0.000115952	0.000235248	8.71812e-05	0.83441	0.164978	0.000174559	4.16559	1	0.165227	
26	99.3391	0.000115952	0.000235247	8.71813e-05	0.83441	0.164977	0.000174559	4.16559	1	0.165226	
26.1	99.3391	0.000115952	0.000235247	8.71814e-05	0.834411	0.164976	0.000174559	4.16559	1	0.165225	
26.2	99.3391	0.000115952	0.000235246	8.71814e-05	0.834412	0.164976	0.000174559	4.16559	1	0.165225	
26.3	99.3391	0.000115952	0.000235245	8.71815e-05	0.834412	0.164975	0.000174559	4.16559	1	0.165224	
26.4	99.3391	0.000115952	0.000235245	8.71816e-05	0.834413	0.164974	0.000174559	4.16559	1	0.165223	
26.5	99.3391	0.000115953	0.000235244	8.71816e-05	0.834413	0.164974	0.000174559	4.16559	1	0.165223	
26.6	99.3391	0.000115953	0.000235244	8.71817e-05	0.834414	0.164973	0.000174559	4.16559	1	0.165222	
26.7	99.3391	0.000115953	0.000235243	8.71817e-05	0.834414	0.164973	0.00017456	4.16559	1	0.165222	
26.8	99.3391	0.000115953	0.000235243	8.71818e-05	0.834415	0.164972	0.00017456	4.16559	1	0.165221	
26.9	99.3391	0.000115953	0.000235243	8.71818e-05	0.834415	0.164972	0.00017456	4.16558	1	0.165221	
27	99.3391	0.000115953	0.000235242	8.71819e-05	0.834416	0.164971	0.00017456	4.16558	1	0.16522	
27.1	99.3391	0.000115953	0.000235242	8.71819e-05	0.834416	0.164971	0.00017456	4.16558	1	0.16522	
27.2	99.3391	0.000115953	0.000235241	8.71819e-05	0.834416	0.164971	0.00017456	4.16558	1	0.16522	
27.3	99.3391	0.000115953	0.000235241	8.7182e-05	0.834417	0.16497	0.00017456	4.16558	1	0.165219	
27.4	99.3391	0.000115953	0.000235241	8.7182e-05	0.834417	0.16497	0.00017456	4.16558	1	0.165219	
27.5	99.3391	0.000115953	0.00023524	8.7182e-05	0.834417	0.16497	0.00017456	4.16558	1	0.165219	
27.6	99.3391	0.000115953	0.00023524	8.71821e-05	0.834418	0.164969	0.00017456	4.16558	1	0.165218	
27.7	99.3391	0.000115953	0.00023524	8.71821e-05	0.834418	0.164969	0.00017456	4.16558	1	0.165218	
27.8	99.3391	0.000115953	0.00023524	8.71821e-05	0.834418	0.164969	0.00017456	4.16558	1	0.165218	
27.9	99.3391	0.000115953	0.000235239	8.71822e-05	0.834419	0.164968	0.00017456	4.16558	1	0.165217	
28	99.3391	0.000115953	0.000235239	8.71822e-05	0.834419	0.164968	0.000174561	4.16558	1	0.165217	
28.1	99.3391	0.000115953	0.000235239	8.71822e-05	0.834419	0.164968	0.000174561	4.16558	1	0.165217	
28.2	99.3391	0.000115953	0.000235239	8.71822e-05	0.834419	0.164968	0.000174561	4.16558	1	0.165217	
28.3	99.3391	0.000115953	0.000235239	8.71823e-05	0.83442	0.164968	0.000174561	4.16558	1	0.165217	
28.4	99.3391	0.000115953	0.000235238	8.71823e-05	0.83442	0.164967	0.000174561	4.16558	1	0.165216	
28.5	99.3391	0.000115953	0.000235238	8.71823e-05	0.83442	0.164967	0.000174561	4.16558	1	0.165216	
28.6	99.3391	0.000115953	0.000235238	8.71823e-05	0.83442	0.164967	0.000174561	4.16558	1	0.165216	
28.7	99.3391	0.000115954	0.000235238	8.71823e-05	0.83442	0.164967	0.000174561	4.16558	1	0.165216	
28.8	99.3391	0.000115954	0.000235238	8.71824e-05	0.83442	0.164967	0.000174561	4.16558	1	0.165216	
28.9	99.3391	0.000115954	0.000235238	8.71824e-05	0.834421	0.164966	0.000174561	4.16558	1	0.165215	
29	99.3391	0.000115954	0.000235237	8.71824e-05	0.834421	0.164966	0.000174561	4.16558	1	0.165215	
29.1	99.3391	0.000115954	0.000235237	8.71824e-05	0.834421	0.164966	0.000174561	4.16558	1	0.165215	
29.2	99.3391	0.000115954	0.000235237	8.71824e-05	0.834421	0.164966	0.000174561	4.16558	1	0.165215	
29.3	99.3391	0.000115954	0.000235237	8.71824e-05	0.834421	0.164966	0.000174561	4.16558	1	0.165215	
29.4	99.3391	0.000115954	0.000235237	8.71824e-05	0.834421	0.164966	0.000174561	4.16558	1	0.165215	
29.5	99.3391	0.000115954	0.000235237	8.71825e-05	0.834421	0.164966	0.000174561	4.16558	1	0.165215	
29.6	99.3391	0.000115954	0.000235237	8.71825e-05	0.834422	0.164966	0.000174561	4.16558	1	0.165215	
29.7	99.3391	0.000115954	0.000235237	8.71825e-05	0.834422	0.164965	0.000174561	4.16558	1	0.165214	
29.8	99.3391	0.000115954	0.000235236	8.71825e-05	0.834422	0.164965	0.000174561	4.16558	1	0.165214	
29.9	99.3391	0.000115954	0.000235236	8.71825e-05	0.834422	0.164965	0.000174561	4.16558	1	0.165214	
30	99.3391	0.000115954	0.000235236	8.71825e-05	0.834422	0.164965	0.000174561	4.16558	1	0.165214	
